308816704145697573874568073799
196095989034530030261387979708
311286315716340154235274558813
294653264607473621174579354155
303856284614793157222299489373
148358074732977192643732679421
214565862082106444257760478581
788972240715000723677133060452
298731156484751583249477309475
176724808324080338407584179625
145101705103753228347955694208
605832828213886887633700370869
267013157670921984098319605661
330694158626612266669807704245
144098736774350495825430776051
300829918445389512656506955074
349904517868103143773797132680
272102141116238598947111407982
293433201388001070931182667378
203745372924354240670222118382
748854471032735053174016711473
324984193116544130562864675468
181398349112343043834924846577
199795594928180609213453658461
989440509183467842001314342301
254734404186354295325724812720
220989155161038735570528881205
145622720063142155634645333747
115235596345340852495791642145
891182989185983545761655978623
102630309685058068986252460648
220318312497776009932500036468
161084022770774658371336888233
330311286390409730062500041756
191425307197546732281885591780
563554930011057425448972918752
131639774933066433859447191174
334142682219743556615674397992
143774983852765282237869625332
114128037878340599989460011716
818004751275342069818453790263
306223432026099623241869333271
888517498954149177086283916722
219248583669253502298142724766
709924281509506265799179464374
906824386019316813789030483695
211678183477028942594541249344
139267808951641148096439810470
232772963487864165109888489609
160881090830720390023167668360
166043246571762775528650569121
289145216356920254799922475037
849090059968404135199482374496
108196413521053893318500192469
198938890575750893735876189224
113559330012918930951543504919
522940913934103637427459195079
186165274648953680758061039841
154819036420703297447036427861
339170810277323131167631068432
140071422310372235469229806680
314311311148468433820105763522
213735911041216674787295333807
193262972800234484744399468745
147007934469588183141400115665
165089822985195173225904535454
277707646521145217625235879315
157894141428308694229687552009
138500869556929311152852869529
899082900417573006084750602123
245332552721136420493204351294
101370605276577556143013894866
304128927772479718113589870111
267495169884268604035801498197
402240049299350560004923763412
327389263896737471496228866506
166045097359941678759735162107
867436015578673140421767840022
218441204865582835284481030822
242682647435854260754234965628
166516471529644578497840692226
198480745206106280149820227940
278571116570364233687639963534
269884215256755446329937557120
145713291593525654962776610448
276910031320955223579056176086
298806137288633453246975630178
584233139051825667176600857752
262940731886389902640730271210
194989275190883931437102127157
377835929784075736831041456357
291105837361929821655470189849
279133908903915300821612602665
201981314170126152586920703158
274533538808543280646156261676
310869628943317589181434675447
127418142282097214960207117703
815399168774050638734383723372
331662654015358587276208254750
286786177811953810051065476115
108532092918956660012164380891
102727149680558741079248783846
125091393024330590664846028519
326975664298894323901926187239
154900488526447142456824787975
275892948066257709459536915546
168697575496383193075236640012
204167514516464519480528962273
101324598070011890446155612648
146673599499822520893810766696
267607850463096817515575285607
618911015325871816381733899879
272800023895682200488000769712
185496461202477950899792771158
270449468111534490183179612522
371593558888147552115426364555
143992300791476122502099615811
259564082580389615261241066925
150115359973664720902580965129
579308169960338143353751288115
265116643168672454267341689554
128173929531863533946053948407
100196544861967692255437311943
837252783245693412667023877670
182110250999021699484937823450
142946965450964505637435479607
670416970629038619301651972112
267745911637906357699108280139
434847191991072856104231378329
267430321455341154577885873460
752603750437458841409277737148
322604336063659838243542603396
254597093814481056655048098352
215530681893783493990923094397
931660023131522836511470299550
164156833754689412076055510609
240259014486900472744222753388
988068515766013782236551550185
142292437379762052008677682241
382216295557686059503096506837
217795632219483181846615097960
180089742036563526934101223693
106200285452190102759452314796
332442253024965725100180832377
109276391800556245215148059611
135045503670480596826162811572
229967962418363878052269915938
314071149857693870088107222867
275342292592333052340429698533
276357014804464864262939025676
385976057629453563236462196337
442836465012574652961690947717
280963839031344532519735389631
461502489756528153281751961352
670760254175238186822024748574
302506223349239046044276337140
807847494300907496059830326562
669072071991651987864331187685
291817048149111149961802063949
120781932093240979642841947845
123305427042753000123559340989
196764647858692982718767974745
639539378810400142491972900031
150518738304733101418007977406
267354935124724968585540389507
297522203193490519910431870739
271916801059080642953570118476
121477207174726219407790693667
709632090821449989953075380168
333362756208643390458434024958
145373944605191222309393681361
218658642102832118810712329678
319426861743264377998637994320
203021212653448281775262541232
174771861434175096253509271253
